function x = wpc()
    x = 1.8621440006;
end